4567894532456721
5213658912347865
4987654329875436
6011823456789212
4716732482916523
3726543212986743
5319812365432981
4024768909235611
6223567890432187
4532876590128345
5182436590123456
6011387654321298
4712345678904321
3726540987654321
5319765432109876
4024765412987654
6223123456789012
4567654321234567
5213567890654321
4987765432106543
6011987654321209
4712456789012345
3726345210987654
5319456789012345
4024567890123456
6223765432109876
4567890123456789
5213123456789021
4987321654321098
6011987623456789
4712345698765432
3726543987654321
5319876543210123
4024765432109876
6223654321987654
4532987654321098
5182987654321043
6011987654321234
4712345678901234
3726987654321098
5319234567890123
4024987654321098
6223987654321098
4567345678901234
5213678901234567
4987653212345678
6011567890123456
4712567890123456
3726876543210987
5319234567890987
